45.100000 188.000000 179.000000 7.200000
44.800000 205.000000 188.000000 7.000000
44.400000 207.000000 145.000000 6.800000
46.500000 204.000000 143.000000 6.800000
52.000000 212.000000 167.000000 6.700000
50.100000 206.000000 184.000000 6.800000
66.500000 194.000000 150.000000 7.000000
67.400000 199.000000 149.000000 7.100000
76.200000 202.000000 151.000000 7.100000
74.300000 219.000000 164.000000 7.200000
74.300000 215.000000 142.000000 7.200000
57.500000 185.000000 123.000000 7.200000
47.500000 212.000000 182.000000 6.700000
44.500000 204.000000 176.000000 6.700000
54.600000 237.000000 170.000000 6.700000
47.900000 221.000000 163.000000 6.800000
70.400000 235.000000 153.000000 7.000000
69.100000 228.000000 130.000000 7.300000
74.800000 239.000000 140.000000 7.400000
69.500000 239.000000 138.000000 7.400000
70.500000 232.000000 138.000000 7.300000
62.800000 207.000000 147.000000 7.100000
62.500000 213.000000 143.000000 7.100000
72.900000 262.000000 178.000000 6.900000
61.900000 209.000000 153.000000 7.200000
70.300000 194.000000 128.000000 7.200000
80.500000 205.000000 129.000000 7.400000
86.800000 215.000000 132.000000 7.400000
78.000000 202.000000 141.000000 7.300000
66.900000 176.000000 115.000000 7.300000
63.500000 201.000000 121.000000 7.400000
79.200000 190.000000 116.000000 7.200000
66.100000 195.000000 134.000000 7.200000
77.800000 227.000000 136.000000 7.300000
74.500000 209.000000 130.000000 7.400000
78.500000 234.000000 152.000000 7.400000
103.000000 246.000000 154.000000 7.400000
98.600000 251.000000 162.000000 7.400000
101.000000 285.000000 186.000000 7.300000
66.500000 216.000000 114.000000 6.900000
68.600000 204.000000 114.000000 7.300000
79.700000 217.000000 131.000000 7.200000
76.000000 243.000000 155.000000 7.100000
123.000000 255.000000 175.000000 7.300000
85.100000 197.000000 212.000000 7.200000
60.000000 239.000000 153.000000 7.000000
105.000000 226.000000 124.000000 7.000000
86.300000 229.000000 134.000000 7.000000
64.100000 231.000000 130.000000 7.200000
83.800000 220.000000 124.000000 7.000000
58.300000 253.000000 123.000000 7.000000
91.300000 240.000000 148.000000 7.200000
58.700000 237.000000 186.000000 7.100000
82.000000 215.000000 147.000000 7.100000
90.700000 236.000000 133.000000 7.100000
104.000000 226.000000 128.000000 7.000000
76.500000 228.000000 136.000000 7.400000
67.800000 225.000000 150.000000 7.200000
86.700000 209.000000 147.000000 7.000000
58.400000 172.000000 136.000000 6.700000
84.500000 212.000000 83.500000 7.500000
93.200000 176.000000 100.000000 7.400000
185.000000 234.000000 123.000000 7.300000
95.600000 234.000000 126.000000 7.000000
63.000000 174.000000 125.000000 7.000000
112.000000 225.000000 125.000000 7.000000
97.400000 228.000000 144.000000 7.200000
69.200000 241.000000 124.000000 7.100000
61.600000 198.000000 136.000000 7.300000
119.000000 207.000000 105.000000 7.200000
101.000000 218.000000 113.000000 7.200000
49.700000 199.000000 141.000000 7.400000
54.600000 190.000000 130.000000 7.200000
83.900000 247.000000 219.000000 7.400000
100.000000 246.000000 240.000000 7.400000
76.000000 267.000000 272.000000 7.300000
43.300000 209.000000 300.000000 7.200000
44.300000 188.000000 357.000000 7.100000
27.100000 189.000000 336.000000 7.000000
56.200000 218.000000 240.000000 7.200000
37.000000 178.000000 228.000000 6.900000
34.700000 192.000000 277.000000 7.000000
31.100000 202.000000 256.000000 7.000000
32.100000 192.000000 242.000000 7.000000
44.900000 198.000000 246.000000 7.200000
51.000000 226.000000 240.000000 7.200000
75.400000 249.000000 245.000000 7.300000
83.300000 244.000000 237.000000 7.400000
92.500000 221.000000 186.000000 7.400000
67.300000 199.000000 170.000000 7.400000
58.300000 201.000000 198.000000 7.200000
32.600000 168.000000 186.000000 7.200000
31.500000 194.000000 283.000000 7.000000
28.200000 209.000000 271.000000 6.800000
65.400000 153.000000 131.000000 6.800000
53.800000 147.000000 136.000000 6.900000
47.100000 176.000000 209.000000 6.900000
32.100000 184.000000 261.000000 7.000000
28.600000 193.000000 232.000000 7.000000
36.600000 172.000000 183.000000 7.100000
53.600000 209.000000 195.000000 7.100000
66.300000 225.000000 193.000000 7.200000
93.500000 243.000000 203.000000 7.300000
73.800000 195.000000 188.000000 7.100000
41.800000 180.000000 202.000000 7.100000
31.700000 183.000000 246.000000 7.100000
28.900000 190.000000 310.000000 6.900000
30.600000 203.000000 277.000000 6.900000
30.600000 177.000000 237.000000 6.900000
26.500000 164.000000 222.000000 7.000000
29.000000 170.000000 206.000000 6.900000
42.000000 178.000000 196.000000 6.900000
58.000000 195.000000 198.000000 7.100000
25.100000 145.000000 183.000000 7.200000
20.300000 145.000000 212.000000 6.900000
34.600000 201.000000 222.000000 6.800000
34.400000 221.000000 220.000000 6.800000
90.600000 255.000000 166.000000 6.700000
85.400000 196.000000 129.000000 6.800000
72.300000 246.000000 172.000000 6.900000
37.600000 250.000000 26.800000 6.700000
58.000000 273.000000 274.000000 6.700000
49.100000 240.000000 266.000000 6.800000
48.800000 222.000000 217.000000 6.800000
65.400000 283.000000 247.000000 6.800000
60.600000 258.000000 239.000000 6.600000
102.000000 201.000000 150.000000 7.000000
77.800000 251.000000 210.000000 6.800000
85.300000 255.000000 200.000000 7.200000
87.100000 267.000000 190.000000 7.300000
92.000000 226.000000 173.000000 7.100000
119.000000 233.000000 149.000000 7.200000
122.000000 242.000000 129.000000 7.200000
77.800000 229.000000 208.000000 6.700000
47.500000 239.000000 286.000000 6.500000
55.200000 236.000000 218.000000 6.700000
68.200000 210.000000 167.000000 6.700000
78.600000 221.000000 200.000000 6.900000
153.000000 490.000000 271.000000 7.000000
144.000000 440.000000 306.000000 7.200000
61.200000 225.000000 225.000000 7.000000
87.100000 216.000000 142.000000 7.300000
78.100000 235.000000 166.000000 7.200000
92.300000 277.000000 160.000000 7.000000
56.900000 239.000000 215.000000 7.000000
61.000000 220.000000 199.000000 7.000000
93.800000 223.000000 140.000000 7.300000
77.800000 239.000000 210.000000 7.000000
48.900000 242.000000 231.000000 6.900000
65.800000 203.000000 145.000000 7.100000
140.000000 312.000000 216.000000 7.400000
77.500000 216.000000 132.000000 7.100000
102.000000 223.000000 128.000000 7.200000
60.700000 220.000000 187.000000 7.000000
71.500000 180.000000 151.000000 6.900000
50.600000 199.000000 181.000000 7.000000
56.900000 194.000000 176.000000 7.000000
25.600000 246.000000 328.000000 6.700000
23.100000 245.000000 400.000000 6.700000
29.700000 218.000000 294.000000 6.900000
35.800000 241.000000 286.000000 6.800000
37.100000 263.000000 269.000000 6.700000
31.600000 200.000000 231.000000 6.800000
28.600000 191.000000 254.000000 6.800000
22.900000 197.000000 205.000000 6.800000
28.000000 252.000000 211.000000 6.800000
39.900000 228.000000 163.000000 6.800000
39.000000 171.000000 187.000000 6.700000
68.900000 153.000000 132.000000 6.800000
55.000000 193.000000 151.000000 6.900000
123.000000 196.000000 121.000000 7.100000
145.000000 229.000000 137.000000 6.700000
51.700000 189.000000 160.000000 6.800000
47.000000 222.000000 156.000000 7.000000
37.400000 192.000000 165.000000 6.900000
52.200000 202.000000 128.000000 7.000000
78.900000 216.000000 145.000000 6.800000
122.000000 186.000000 143.000000 6.800000
162.000000 204.000000 162.000000 7.000000
178.000000 270.000000 192.000000 7.000000
189.000000 177.000000 119.000000 6.700000
134.000000 228.000000 191.000000 6.500000
55.100000 165.000000 138.000000 6.610000
51.400000 233.000000 134.000000 6.830000
97.400000 201.000000 87.700000 6.690000
51.600000 206.000000 116.000000 6.710000
77.000000 213.000000 54.600000 6.930000
54.500000 201.000000 87.200000 6.800000
47.900000 203.000000 99.700000 6.830000
76.600000 179.000000 76.200000 6.630000
63.700000 192.000000 114.000000 6.730000
60.500000 194.000000 112.000000 6.620000
69.600000 199.000000 76.700000 6.660000
39.600000 167.000000 84.900000 6.670000
44.200000 174.000000 96.500000 6.550000
50.600000 212.000000 96.300000 6.670000
58.100000 218.000000 87.200000 6.500000
52.700000 220.000000 88.900000 6.500000
56.000000 188.000000 78.000000 6.700000
71.200000 205.000000 67.700000 6.500000
56.800000 134.000000 85.500000 6.700000
87.800000 197.000000 84.500000 6.700000
68.300000 231.000000 78.400000 6.900000
64.100000 227.000000 67.800000 6.500000
88.900000 188.000000 64.200000 6.300000
90.500000 194.000000 67.000000 6.400000
57.800000 199.000000 76.200000 6.600000
42.500000 196.000000 90.400000 7.000000
60.800000 180.000000 78.800000 7.000000
47.100000 190.000000 109.000000 7.000000
40.900000 170.000000 97.000000 7.000000
93.700000 190.000000 61.100000 6.700000
94.900000 185.000000 73.600000 6.800000
74.100000 226.000000 81.300000 6.800000
59.800000 211.000000 93.800000 6.700000
84.000000 216.000000 82.100000 6.600000
83.600000 202.000000 84.900000 6.500000
51.400000 192.000000 109.000000 7.000000
40.000000 174.000000 103.000000 7.000000
43.600000 176.000000 91.300000 7.000000
80.700000 158.000000 63.700000 6.600000
60.200000 181.000000 73.800000 6.600000
48.400000 180.000000 91.900000 6.800000
50.600000 180.000000 88.100000 6.900000
41.500000 219.000000 99.400000 7.000000
39.200000 218.000000 89.500000 6.800000
46.100000 188.000000 106.000000 6.600000
67.800000 193.000000 87.500000 6.700000
75.400000 235.000000 95.900000 6.600000
82.700000 159.000000 90.600000 6.700000
91.600000 187.000000 68.500000 6.600000
120.000000 208.000000 56.800000 6.500000
78.800000 190.000000 81.000000 7.100000
62.800000 189.000000 101.000000 6.900000
55.200000 207.000000 121.000000 6.800000
60.300000 169.000000 91.400000 6.800000
83.500000 190.000000 93.700000 6.800000
52.400000 109.000000 62.700000 7.100000
60.400000 189.000000 117.000000 7.100000
57.400000 150.000000 75.200000 7.000000
51.300000 185.000000 110.000000 7.000000
48.000000 188.000000 113.000000 7.000000
68.000000 217.000000 136.000000 6.900000
63.700000 252.000000 162.000000 7.000000
50.000000 235.000000 172.000000 6.800000
49.300000 200.000000 134.000000 6.900000
83.100000 207.000000 141.000000 6.800000
42.300000 232.000000 137.000000 6.750000
37.100000 228.000000 196.000000 6.720000
54.300000 231.000000 119.000000 6.920000
38.200000 245.000000 240.000000 6.740000
27.600000 233.000000 250.000000 6.580000
41.500000 193.000000 107.000000 6.750000
29.100000 222.000000 129.000000 6.770000
43.700000 204.000000 156.000000 6.770000
45.200000 214.000000 133.000000 6.730000
47.600000 211.000000 124.000000 6.810000
46.100000 234.000000 135.000000 6.750000
46.300000 222.000000 114.000000 6.930000
77.200000 185.000000 147.000000 6.400000
40.000000 191.000000 242.000000 6.600000
47.600000 200.000000 152.000000 6.600000
60.700000 237.000000 173.000000 6.600000
51.600000 222.000000 151.000000 6.600000
42.500000 205.000000 203.000000 6.400000
44.200000 202.000000 129.000000 6.800000
41.300000 242.000000 246.000000 6.500000
30.300000 199.000000 219.000000 6.600000
40.400000 221.000000 189.000000 6.600000
37.500000 216.000000 169.000000 6.600000
53.400000 197.000000 126.000000 6.600000
51.300000 166.000000 165.000000 6.700000
82.400000 194.000000 119.000000 6.300000
70.600000 187.000000 144.000000 6.300000
76.600000 233.000000 116.000000 6.400000
62.500000 188.000000 138.000000 6.700000
49.500000 193.000000 142.000000 6.800000
45.700000 213.000000 166.000000 6.600000
74.800000 194.000000 94.700000 6.500000
60.200000 182.000000 164.000000 6.600000
50.500000 274.000000 135.000000 6.700000
107.000000 241.000000 118.000000 6.900000
82.300000 194.000000 113.000000 6.800000
38.800000 199.000000 196.000000 6.800000
60.300000 178.000000 116.000000 6.600000
33.700000 197.000000 182.000000 6.600000
41.500000 201.000000 157.000000 6.400000
43.300000 220.000000 198.000000 6.400000
48.800000 183.000000 145.000000 6.700000
25.900000 192.000000 225.000000 6.700000
56.100000 184.000000 134.000000 6.600000
42.000000 221.000000 132.000000 6.600000
38.600000 200.000000 159.000000 6.600000
73.300000 196.000000 134.000000 6.700000
47.900000 206.000000 200.000000 6.500000
51.900000 232.000000 163.000000 6.500000
89.200000 173.000000 129.000000 6.400000
73.800000 192.000000 106.000000 6.500000
49.200000 201.000000 116.000000 6.800000
47.100000 236.000000 239.000000 6.900000
47.400000 204.000000 241.000000 6.800000
67.400000 204.000000 164.000000 7.100000
53.200000 199.000000 178.000000 6.900000
50.800000 225.000000 217.000000 6.800000
67.800000 218.000000 183.000000 6.700000
64.000000 206.000000 171.000000 6.900000
66.800000 196.000000 164.000000 6.900000
50.000000 190.000000 211.000000 6.900000
52.400000 200.000000 247.000000 6.800000
58.000000 200.000000 198.000000 7.200000
61.800000 191.000000 199.000000 6.900000
66.900000 189.000000 206.000000 6.800000
48.200000 164.000000 223.000000 6.900000
65.900000 202.000000 216.000000 6.900000
64.700000 191.000000 213.000000 7.100000
56.400000 208.000000 189.000000 7.100000
52.000000 207.000000 182.000000 7.000000
52.800000 233.000000 206.000000 7.000000
56.700000 225.000000 224.000000 7.000000
58.600000 201.000000 209.000000 6.900000
63.700000 219.000000 242.000000 6.900000
64.700000 209.000000 223.000000 6.900000
54.600000 214.000000 238.000000 7.000000
62.500000 190.000000 228.000000 6.900000
56.500000 173.000000 197.000000 6.900000
47.500000 173.000000 194.000000 6.800000
33.300000 186.000000 168.000000 6.900000
67.200000 195.000000 147.000000 6.700000
49.400000 191.000000 155.000000 6.900000
50.600000 196.000000 154.000000 6.900000
113.000000 194.000000 99.600000 7.100000
128.000000 175.000000 88.200000 6.970000
106.000000 190.000000 105.000000 7.110000
91.800000 193.000000 144.000000 7.140000
91.900000 164.000000 130.000000 7.040000
97.400000 175.000000 138.000000 7.110000
114.000000 157.000000 135.000000 7.070000
113.000000 196.000000 135.000000 6.860000
108.000000 176.000000 132.000000 7.140000
89.000000 184.000000 160.000000 7.100000
100.000000 202.000000 164.000000 7.170000
107.000000 222.000000 163.000000 7.050000
109.000000 227.000000 169.000000 7.060000
190.000000 174.000000 146.000000 6.900000
209.000000 194.000000 126.000000 7.210000
165.000000 171.000000 140.000000 7.060000
130.000000 193.000000 144.000000 7.090000
133.000000 219.000000 171.000000 7.050000
110.000000 161.000000 165.000000 7.040000
106.000000 179.000000 175.000000 7.090000
89.800000 170.000000 157.000000 7.270000
93.700000 173.000000 167.000000 7.130000
78.700000 152.000000 152.000000 7.070000
132.000000 186.000000 156.000000 6.940000
96.500000 160.000000 188.000000 6.960000
128.000000 197.000000 175.000000 6.990000
127.000000 176.000000 168.000000 6.830000
188.000000 180.000000 161.000000 6.860000
198.000000 205.000000 172.000000 6.640000
186.000000 216.000000 167.000000 6.880000
86.200000 209.000000 117.000000 6.900000
78.700000 233.000000 123.000000 6.790000
49.300000 242.000000 131.000000 7.130000
48.500000 235.000000 133.000000 7.160000
54.400000 212.000000 130.000000 6.970000
64.100000 204.000000 125.000000 6.980000
42.400000 190.000000 157.000000 6.830000
40.600000 186.000000 140.000000 6.970000
45.800000 169.000000 154.000000 6.970000
47.400000 239.000000 138.000000 7.030000
66.900000 237.000000 120.000000 6.840000
116.000000 183.000000 132.000000 6.860000
95.900000 218.000000 138.000000 7.200000
69.900000 195.000000 162.000000 7.180000
72.500000 214.000000 153.000000 7.230000
102.000000 239.000000 162.000000 6.870000
114.000000 242.000000 154.000000 6.920000
114.000000 255.000000 146.000000 6.850000
122.000000 240.000000 143.000000 6.770000
103.000000 244.000000 143.000000 6.880000
85.400000 235.000000 179.000000 6.910000
83.200000 247.000000 190.000000 7.000000
64.400000 225.000000 183.000000 6.900000
62.400000 253.000000 230.000000 6.700000
43.100000 223.000000 238.000000 6.800000
44.300000 258.000000 231.000000 7.000000
49.000000 239.000000 206.000000 6.900000
48.200000 206.000000 211.000000 6.700000
43.300000 196.000000 213.000000 6.700000
51.000000 204.000000 183.000000 6.700000
59.100000 202.000000 192.000000 6.800000
52.400000 197.000000 203.000000 6.800000
50.800000 205.000000 210.000000 6.800000
53.700000 226.000000 221.000000 7.000000
110.000000 414.000000 213.000000 7.200000
63.500000 271.000000 248.000000 7.000000
49.900000 233.000000 241.000000 6.800000
53.000000 233.000000 224.000000 6.700000
51.100000 209.000000 222.000000 7.100000
44.000000 245.000000 256.000000 7.100000
66.800000 231.000000 258.000000 6.800000
62.500000 225.000000 255.000000 7.000000
52.300000 214.000000 256.000000 6.800000
39.700000 189.000000 192.000000 7.300000
36.400000 158.000000 164.000000 6.300000
48.400000 145.000000 135.000000 6.400000
27.700000 166.000000 166.000000 6.700000
40.600000 152.000000 116.000000 6.400000
24.300000 133.000000 120.000000 6.700000
33.000000 170.000000 137.000000 6.800000
35.500000 151.000000 170.000000 6.700000
40.300000 182.000000 145.000000 6.600000
58.600000 213.000000 123.000000 6.600000
37.100000 130.000000 111.000000 6.500000
42.900000 140.000000 119.000000 6.700000
42.800000 130.000000 115.000000 6.800000
39.200000 175.000000 164.000000 6.600000
33.500000 176.000000 165.000000 6.600000
251.000000 310.000000 154.000000 7.270000
325.000000 265.000000 103.000000 6.950000
125.000000 225.000000 145.000000 7.430000
125.000000 222.000000 114.000000 7.110000
72.100000 395.000000 153.000000 7.410000
56.600000 237.000000 147.000000 6.870000
53.700000 223.000000 119.000000 7.050000
33.800000 238.000000 162.000000 6.760000
46.900000 190.000000 129.000000 6.860000
79.200000 228.000000 119.000000 7.130000
134.000000 225.000000 124.000000 7.040000
59.500000 202.000000 134.000000 7.340000
40.900000 236.000000 126.000000 6.780000
46.200000 241.000000 146.000000 6.900000
42.900000 218.000000 112.000000 6.970000
50.200000 243.000000 112.000000 7.360000
91.600000 257.000000 169.000000 7.120000
82.300000 239.000000 132.000000 7.390000
90.100000 237.000000 156.000000 7.240000
83.600000 196.000000 184.000000 7.020000
83.300000 202.000000 163.000000 7.120000
83.900000 274.000000 177.000000 7.350000
82.800000 302.000000 186.000000 7.000000
74.300000 299.000000 214.000000 6.950000
80.300000 288.000000 207.000000 7.030000
221.000000 411.000000 229.000000 6.780000
96.900000 294.000000 245.000000 6.710000
160.000000 362.000000 171.000000 6.430000
136.000000 349.000000 195.000000 6.870000
123.000000 363.000000 195.000000 6.960000
87.800000 365.000000 248.000000 6.930000
74.900000 429.000000 258.000000 6.790000
76.300000 415.000000 249.000000 7.200000
107.000000 338.000000 215.000000 7.150000
105.000000 428.000000 220.000000 6.820000
116.000000 354.000000 198.000000 6.870000
241.000000 625.000000 249.000000 6.100000
94.500000 338.000000 286.000000 6.750000
230.000000 494.000000 281.000000 6.470000
245.000000 440.000000 253.000000 6.630000
139.000000 467.000000 243.000000 6.900000
136.000000 328.000000 260.000000 7.260000
127.000000 441.000000 220.000000 6.960000
104.000000 304.000000 177.000000 7.230000
108.000000 292.000000 207.000000 7.290000
92.900000 185.000000 143.000000 7.100000
68.800000 165.000000 129.000000 6.900000
76.400000 198.000000 138.000000 7.100000
69.400000 198.000000 160.000000 6.900000
45.800000 233.000000 150.000000 7.000000
47.400000 201.000000 142.000000 7.100000
95.100000 225.000000 146.000000 6.800000
69.700000 199.000000 145.000000 6.900000
77.600000 173.000000 124.000000 7.000000
54.100000 183.000000 150.000000 6.900000
52.500000 176.000000 132.000000 7.000000
52.600000 198.000000 147.000000 7.100000
55.900000 217.000000 147.000000 7.000000
53.700000 211.000000 147.000000 7.200000
46.500000 191.000000 131.000000 7.000000
50.200000 198.000000 143.000000 6.800000
39.800000 181.000000 186.000000 6.800000
58.000000 195.000000 157.000000 7.100000
81.500000 203.000000 138.000000 6.900000
75.700000 179.000000 126.000000 6.900000
84.100000 180.000000 98.500000 6.900000
111.000000 217.000000 119.000000 7.100000
126.000000 203.000000 136.000000 7.200000
81.700000 164.000000 108.000000 7.100000
82.200000 203.000000 124.000000 7.000000
102.000000 208.000000 102.000000 6.900000
86.100000 216.000000 119.000000 7.000000
126.000000 170.000000 108.000000 6.900000
73.600000 172.000000 116.000000 7.000000
84.700000 164.000000 87.700000 6.900000
65.700000 186.000000 127.000000 7.000000
101.000000 194.000000 107.000000 6.900000
104.000000 173.000000 139.000000 6.600000
48.600000 192.000000 125.000000 6.800000
52.500000 118.000000 113.000000 7.000000
40.500000 204.000000 188.000000 6.700000
104.000000 218.000000 163.000000 7.100000
186.000000 412.000000 160.000000 7.000000
104.000000 346.000000 201.000000 7.100000
55.300000 292.000000 188.000000 7.100000
94.300000 323.000000 180.000000 6.900000
113.000000 218.000000 124.000000 6.400000
76.600000 199.000000 144.000000 6.600000
67.800000 177.000000 150.000000 6.600000
47.600000 195.000000 160.000000 6.800000
68.300000 185.000000 144.000000 6.600000
56.300000 195.000000 134.000000 6.600000
59.700000 222.000000 142.000000 6.600000
47.300000 197.000000 145.000000 6.900000
68.200000 191.000000 131.000000 6.900000
46.900000 240.000000 182.000000 7.000000
73.000000 252.000000 226.000000 6.800000
82.900000 228.000000 203.000000 6.800000
158.000000 214.000000 181.000000 6.600000
136.000000 269.000000 219.000000 6.700000
116.000000 338.000000 236.000000 6.700000
115.000000 330.000000 216.000000 6.600000
96.000000 190.000000 105.000000 6.300000
71.000000 210.000000 116.000000 6.600000
60.000000 182.000000 134.000000 6.700000
47.800000 253.000000 155.000000 6.600000
39.000000 220.000000 129.000000 6.600000
59.200000 210.000000 96.700000 6.600000
74.400000 236.000000 101.000000 6.100000
110.000000 163.000000 61.400000 6.300000
77.000000 247.000000 86.900000 6.600000
74.000000 180.000000 89.200000 6.800000
50.800000 191.000000 144.000000 6.900000
40.100000 217.000000 161.000000 6.800000
35.400000 208.000000 160.000000 6.800000
52.200000 228.000000 220.000000 6.800000
32.000000 206.000000 157.000000 6.800000
46.700000 169.000000 161.000000 6.700000
44.100000 180.000000 180.000000 6.600000
46.000000 249.000000 185.000000 6.800000
49.900000 221.000000 230.000000 6.600000
41.300000 265.000000 297.000000 6.700000
54.300000 273.000000 265.000000 6.700000
49.000000 213.000000 165.000000 6.800000
60.200000 271.000000 249.000000 6.800000
55.100000 229.000000 115.000000 6.580000
72.900000 240.000000 115.000000 6.680000
41.200000 232.000000 196.000000 6.730000
25.200000 183.000000 167.000000 7.200000
55.200000 201.000000 77.500000 7.270000
144.000000 194.000000 67.200000 6.890000
121.000000 242.000000 57.100000 6.830000
71.000000 226.000000 77.400000 6.740000
70.400000 221.000000 90.700000 7.220000
38.900000 192.000000 103.000000 7.090000
28.900000 194.000000 97.100000 7.030000
29.100000 195.000000 163.000000 6.440000
56.100000 232.000000 76.600000 6.960000
47.200000 224.000000 99.400000 7.220000
77.800000 252.000000 76.100000 6.710000
57.600000 241.000000 81.000000 7.150000
42.300000 248.000000 88.600000 6.790000
27.400000 238.000000 149.000000 6.830000
48.700000 208.000000 73.200000 7.030000
36.100000 193.000000 77.200000 5.730000
53.800000 239.000000 63.600000 6.560000
34.600000 191.000000 122.000000 6.720000
41.000000 188.000000 82.000000 6.670000
92.800000 218.000000 90.600000 6.610000
135.000000 224.000000 210.000000 6.900000
67.500000 235.000000 191.000000 6.900000
79.600000 232.000000 211.000000 6.920000
42.500000 195.000000 156.000000 6.900000
41.500000 209.000000 175.000000 6.900000
60.700000 214.000000 185.000000 7.200000
48.000000 194.000000 164.000000 7.000000
57.500000 182.000000 158.000000 6.900000
50.500000 224.000000 255.000000 6.500000
58.200000 200.000000 165.000000 6.500000
34.500000 258.000000 193.000000 6.400000
39.200000 201.000000 155.000000 6.700000
37.600000 191.000000 153.000000 6.600000
50.600000 279.000000 141.000000 6.800000
44.600000 199.000000 160.000000 7.000000
64.000000 305.000000 204.000000 7.200000
73.200000 434.000000 259.000000 7.300000
47.600000 354.000000 176.000000 7.000000
44.100000 301.000000 181.000000 6.900000
35.200000 237.000000 153.000000 6.700000
39.700000 204.000000 136.000000 6.800000
45.400000 183.000000 117.000000 6.800000
53.700000 256.000000 239.000000 6.500000
84.100000 407.000000 261.000000 6.800000
44.700000 220.000000 147.000000 6.800000
47.200000 249.000000 161.000000 6.700000
40.600000 238.000000 158.000000 6.800000
29.300000 271.000000 228.000000 6.900000
52.500000 203.000000 195.000000 7.000000
46.500000 180.000000 179.000000 7.100000
101.000000 206.000000 123.000000 7.100000
72.800000 177.000000 145.000000 7.000000
47.400000 228.000000 164.000000 7.000000
42.400000 204.000000 157.000000 7.000000
47.000000 185.000000 177.000000 7.000000
23.600000 208.000000 163.000000 7.200000
53.100000 206.000000 225.000000 7.100000
68.400000 230.000000 220.000000 6.800000
34.200000 180.000000 253.000000 6.700000
42.400000 201.000000 194.000000 6.800000
48.000000 201.000000 174.000000 6.900000
25.700000 218.000000 112.000000 7.400000
37.600000 208.000000 137.000000 7.400000
62.900000 197.000000 186.000000 6.900000
78.400000 198.000000 171.000000 6.900000
63.600000 219.000000 160.000000 7.200000
72.400000 178.000000 194.000000 6.900000
53.100000 197.000000 151.000000 6.800000
62.200000 198.000000 141.000000 6.900000
51.200000 204.000000 172.000000 6.900000
62.500000 205.000000 179.000000 6.800000
48.100000 180.000000 173.000000 6.800000
81.600000 259.000000 161.000000 6.900000
82.100000 234.000000 154.000000 7.000000
60.200000 202.000000 140.000000 6.900000
115.000000 250.000000 163.000000 7.000000
92.200000 223.000000 177.000000 6.900000
71.600000 269.000000 201.000000 6.900000
64.100000 199.000000 167.000000 6.700000
115.000000 261.000000 195.000000 7.000000
109.000000 221.000000 187.000000 7.000000
60.800000 256.000000 196.000000 6.800000
103.000000 250.000000 157.000000 6.700000
90.300000 308.000000 159.000000 6.800000
88.800000 253.000000 227.000000 6.700000
26.500000 113.000000 297.000000 6.600000
66.700000 212.000000 150.000000 6.800000
61.700000 222.000000 166.000000 6.900000
55.400000 208.000000 197.000000 6.800000
80.400000 240.000000 247.000000 6.700000
49.600000 239.000000 237.000000 6.900000
74.400000 255.000000 231.000000 6.700000
57.300000 231.000000 240.000000 6.800000
123.000000 134.000000 78.800000 6.600000
31.100000 225.000000 206.000000 7.000000
67.000000 236.000000 161.000000 6.900000
23.700000 119.000000 197.000000 6.200000
23.400000 137.000000 145.000000 5.600000
27.400000 133.000000 149.000000 6.000000
63.200000 207.000000 207.000000 6.500000
73.400000 199.000000 133.000000 6.800000
83.200000 309.000000 161.000000 6.700000
80.100000 332.000000 163.000000 7.000000
109.000000 323.000000 148.000000 7.100000
67.300000 282.000000 179.000000 7.000000
82.600000 294.000000 179.000000 6.900000
79.800000 299.000000 167.000000 6.900000
53.600000 267.000000 161.000000 7.000000
79.000000 393.000000 163.000000 7.400000
62.800000 353.000000 181.000000 6.900000
53.700000 280.000000 169.000000 6.800000
43.000000 229.000000 184.000000 6.500000
52.200000 237.000000 190.000000 6.900000
53.800000 247.000000 184.000000 6.600000
73.900000 390.000000 156.000000 7.100000
84.900000 420.000000 142.000000 6.900000
60.300000 239.000000 136.000000 7.000000
52.300000 308.000000 168.000000 6.300000
37.400000 293.000000 205.000000 6.400000
49.600000 247.000000 193.000000 6.600000
45.400000 252.000000 185.000000 6.600000
55.600000 271.000000 162.000000 6.900000
51.200000 311.000000 183.000000 6.700000
63.200000 382.000000 192.000000 6.700000
74.200000 349.000000 183.000000 6.700000
36.600000 244.000000 175.000000 6.600000
31.600000 223.000000 153.000000 6.500000
43.600000 245.000000 143.000000 6.600000
46.500000 209.000000 173.000000 6.800000
59.100000 373.000000 176.000000 6.600000
45.700000 224.000000 168.000000 6.700000
60.100000 255.000000 193.000000 6.600000
66.500000 285.000000 211.000000 7.100000
50.600000 246.000000 170.000000 6.900000
60.500000 262.000000 183.000000 6.800000
86.400000 411.000000 180.000000 7.000000
39.400000 222.000000 175.000000 6.700000
37.200000 229.000000 155.000000 7.000000
48.100000 245.000000 167.000000 6.900000
44.100000 231.000000 194.000000 6.800000
32.300000 229.000000 202.000000 6.700000
53.900000 251.000000 163.000000 6.800000
65.000000 255.000000 185.000000 6.800000
56.100000 249.000000 167.000000 6.800000
63.400000 303.000000 164.000000 6.800000
76.600000 351.000000 165.000000 6.900000
64.100000 287.000000 160.000000 6.900000
32.400000 268.000000 161.000000 6.800000
45.400000 209.000000 143.000000 6.800000
34.300000 245.000000 184.000000 7.200000
58.100000 261.000000 175.000000 7.000000
95.700000 267.000000 170.000000 6.800000
52.800000 249.000000 189.000000 6.700000
60.200000 268.000000 213.000000 6.900000
94.900000 290.000000 187.000000 6.800000
104.000000 313.000000 179.000000 6.900000
66.200000 345.000000 203.000000 6.600000
62.900000 312.000000 171.000000 6.600000
23.900000 210.000000 197.000000 6.700000
26.300000 206.000000 192.000000 6.700000
88.900000 210.000000 178.000000 6.700000
162.000000 279.000000 174.000000 6.600000
108.000000 258.000000 174.000000 6.700000
62.500000 245.000000 183.000000 6.700000
66.900000 258.000000 188.000000 6.600000
125.000000 282.000000 192.000000 6.700000
95.200000 397.000000 184.000000 6.600000
38.700000 295.000000 197.000000 6.700000
34.100000 325.000000 211.000000 7.200000
44.200000 267.000000 202.000000 7.000000
173.000000 285.000000 199.000000 6.700000
117.000000 253.000000 177.000000 6.700000
78.900000 232.000000 174.000000 6.700000
108.000000 270.000000 199.000000 6.800000
157.000000 281.000000 204.000000 6.800000
119.000000 270.000000 217.000000 6.800000
112.000000 381.000000 180.000000 6.800000
130.000000 367.000000 196.000000 7.000000
114.000000 358.000000 194.000000 6.900000
77.800000 248.000000 202.000000 6.700000
80.000000 181.000000 152.000000 6.700000
81.000000 160.000000 133.000000 6.600000
72.900000 187.000000 158.000000 6.500000
102.000000 236.000000 143.000000 6.400000
81.200000 148.000000 100.000000 6.400000
70.500000 184.000000 158.000000 6.300000
67.700000 226.000000 167.000000 6.400000
83.300000 220.000000 152.000000 6.500000
89.500000 199.000000 137.000000 6.400000
64.400000 185.000000 125.000000 6.500000
208.000000 175.000000 84.400000 6.400000
111.000000 214.000000 129.000000 7.100000
46.200000 228.000000 148.000000 6.700000
62.300000 206.000000 116.000000 6.700000
98.700000 198.000000 89.000000 6.400000
54.700000 195.000000 108.000000 6.800000
47.200000 214.000000 112.000000 6.900000
36.900000 208.000000 120.000000 6.900000
170.000000 170.000000 105.000000 6.400000
186.000000 242.000000 103.000000 6.200000
65.700000 261.000000 138.000000 6.600000
103.000000 316.000000 156.000000 6.500000
96.300000 239.000000 132.000000 6.200000
39.400000 190.000000 120.000000 6.500000
30.700000 203.000000 112.000000 6.400000
60.200000 183.000000 176.000000 6.600000
97.000000 301.000000 133.000000 6.600000
49.400000 241.000000 166.000000 6.700000
79.200000 300.000000 181.000000 6.600000
81.800000 292.000000 159.000000 6.400000
70.100000 241.000000 155.000000 6.300000
48.500000 215.000000 140.000000 6.300000
49.100000 240.000000 132.000000 6.500000
56.900000 232.000000 199.000000 6.900000
66.200000 242.000000 167.000000 6.700000
60.700000 278.000000 146.000000 6.800000
68.500000 267.000000 160.000000 6.600000
68.600000 299.000000 181.000000 6.500000
67.700000 324.000000 159.000000 6.600000
59.100000 283.000000 119.000000 6.700000
43.600000 295.000000 153.000000 6.300000
46.000000 205.000000 152.000000 6.700000
62.500000 228.000000 121.000000 6.800000
59.700000 223.000000 131.000000 6.800000
64.600000 243.000000 184.000000 6.500000
64.100000 281.000000 176.000000 6.400000
67.400000 313.000000 184.000000 6.400000
66.400000 335.000000 159.000000 6.600000
52.500000 286.000000 142.000000 6.600000
48.000000 261.000000 170.000000 6.800000
82.300000 255.000000 182.000000 6.800000
37.100000 194.000000 141.000000 7.200000
63.200000 241.000000 114.000000 7.000000
51.500000 242.000000 156.000000 6.700000
59.700000 238.000000 185.000000 6.700000
62.900000 269.000000 158.000000 6.500000
45.600000 254.000000 160.000000 6.600000
47.300000 270.000000 182.000000 6.800000
67.000000 320.000000 162.000000 6.900000
52.800000 308.000000 158.000000 6.900000
79.000000 298.000000 160.000000 7.000000
67.300000 243.000000 186.000000 6.800000
61.200000 271.000000 174.000000 6.800000
70.000000 283.000000 200.000000 6.600000
73.400000 258.000000 182.000000 6.400000
81.900000 246.000000 173.000000 6.400000
84.800000 283.000000 158.000000 6.600000
48.600000 240.000000 174.000000 6.800000
53.400000 277.000000 176.000000 7.100000
57.100000 269.000000 173.000000 6.700000
62.500000 235.000000 205.000000 6.900000
74.600000 234.000000 164.000000 6.700000
65.700000 224.000000 167.000000 6.600000
61.400000 252.000000 154.000000 6.800000
51.700000 253.000000 167.000000 6.800000
48.300000 252.000000 197.000000 6.900000
58.300000 287.000000 191.000000 6.700000
55.100000 267.000000 185.000000 6.600000
82.000000 229.000000 156.000000 6.300000
72.300000 210.000000 168.000000 6.300000
64.100000 200.000000 156.000000 6.600000
71.000000 248.000000 146.000000 6.700000
51.300000 225.000000 150.000000 6.800000
52.400000 236.000000 168.000000 6.800000
54.000000 433.000000 155.000000 6.900000
41.000000 293.000000 132.000000 6.800000
54.800000 288.000000 142.000000 7.000000
98.900000 249.000000 138.000000 6.600000
82.800000 214.000000 131.000000 6.400000
75.800000 218.000000 130.000000 6.500000
51.800000 177.000000 126.000000 6.800000
72.700000 187.000000 154.000000 6.600000
111.000000 425.000000 197.000000 7.700000
108.000000 454.000000 163.000000 7.700000
59.400000 277.000000 110.000000 6.800000
44.800000 233.000000 119.000000 7.100000
67.400000 211.000000 139.000000 6.900000
80.200000 272.000000 120.000000 6.600000
85.500000 265.000000 112.000000 6.600000
71.800000 287.000000 112.000000 6.700000
48.400000 233.000000 109.000000 6.700000
64.300000 217.000000 109.000000 6.600000
89.900000 182.000000 131.000000 6.600000
67.000000 177.000000 117.000000 6.500000
67.400000 227.000000 100.000000 6.500000
68.400000 211.000000 128.000000 6.600000
71.500000 167.000000 124.000000 6.900000
77.500000 173.000000 131.000000 6.600000
105.000000 250.000000 115.000000 6.200000
74.500000 243.000000 137.000000 6.700000
64.500000 199.000000 134.000000 6.700000
67.900000 265.000000 156.000000 6.500000
63.800000 316.000000 161.000000 6.400000
69.500000 286.000000 165.000000 6.500000
79.100000 277.000000 160.000000 6.600000
74.300000 266.000000 172.000000 6.500000
72.700000 261.000000 164.000000 6.600000
74.100000 247.000000 151.000000 6.400000
97.600000 182.000000 127.000000 6.200000
103.000000 225.000000 141.000000 6.200000
115.000000 297.000000 150.000000 6.300000
117.000000 382.000000 135.000000 7.200000
112.000000 382.000000 133.000000 7.300000
92.100000 300.000000 143.000000 7.000000
62.800000 170.000000 148.000000 6.600000
72.400000 163.000000 139.000000 6.600000
108.000000 236.000000 148.000000 6.500000
113.000000 320.000000 160.000000 6.700000
68.700000 223.000000 130.000000 7.000000
73.000000 225.000000 130.000000 7.100000
68.700000 230.000000 147.000000 7.000000
80.800000 236.000000 153.000000 6.900000
115.000000 318.000000 164.000000 6.900000
87.200000 254.000000 148.000000 6.900000
60.200000 194.000000 177.000000 6.100000
109.000000 113.000000 130.000000 6.600000
130.000000 131.000000 134.000000 6.600000
94.900000 353.000000 166.000000 6.800000
199.000000 361.000000 166.000000 6.700000
80.400000 284.000000 169.000000 6.800000
88.600000 472.000000 177.000000 6.800000
96.100000 300.000000 148.000000 6.900000
79.000000 252.000000 147.000000 6.800000
75.700000 268.000000 144.000000 6.800000
71.900000 243.000000 143.000000 6.800000
81.000000 233.000000 171.000000 6.800000
102.000000 363.000000 179.000000 6.600000
92.700000 336.000000 179.000000 6.700000
81.200000 237.000000 167.000000 6.800000
70.300000 233.000000 158.000000 6.800000
109.000000 353.000000 166.000000 6.900000
133.000000 317.000000 160.000000 6.900000
100.000000 224.000000 138.000000 6.700000
88.200000 201.000000 138.000000 6.600000
70.700000 179.000000 143.000000 6.800000
77.200000 215.000000 145.000000 6.900000
61.000000 143.000000 137.000000 6.900000
95.700000 235.000000 145.000000 6.900000
89.600000 197.000000 140.000000 6.700000
91.100000 206.000000 141.000000 6.700000
65.000000 145.000000 125.000000 6.800000
53.200000 127.000000 132.000000 6.900000
35.000000 169.000000 142.000000 7.000000
46.500000 146.000000 116.000000 6.900000
54.100000 161.000000 109.000000 6.900000
43.800000 138.000000 111.000000 6.800000
43.000000 144.000000 119.000000 6.500000
37.500000 149.000000 138.000000 6.700000
35.500000 132.000000 120.000000 6.800000
45.000000 167.000000 125.000000 6.700000
65.100000 258.000000 108.000000 6.800000
82.000000 277.000000 99.000000 6.800000
60.800000 223.000000 95.800000 6.700000
83.200000 126.000000 118.000000 6.600000
78.200000 262.000000 140.000000 6.700000
73.500000 253.000000 139.000000 6.800000
72.100000 240.000000 135.000000 6.700000
116.000000 313.000000 104.000000 7.400000
100.000000 314.000000 104.000000 7.400000
115.000000 331.000000 132.000000 7.000000
87.000000 242.000000 133.000000 6.900000
77.000000 229.000000 128.000000 6.900000
69.800000 195.000000 133.000000 6.800000
63.800000 187.000000 145.000000 6.800000
62.000000 171.000000 137.000000 6.900000
74.100000 186.000000 130.000000 6.700000
80.700000 189.000000 129.000000 6.600000
77.400000 203.000000 137.000000 6.600000
81.800000 197.000000 128.000000 6.900000
91.700000 247.000000 145.000000 6.800000
88.600000 243.000000 110.000000 6.800000
64.200000 161.000000 112.000000 6.900000
63.300000 172.000000 114.000000 6.800000
86.400000 164.000000 123.000000 6.700000
70.400000 147.000000 121.000000 6.700000
81.000000 161.000000 125.000000 6.700000
68.200000 184.000000 122.000000 6.900000
57.900000 213.000000 128.000000 7.000000
74.700000 216.000000 131.000000 6.800000
132.000000 525.000000 156.000000 7.000000
155.000000 536.000000 145.000000 6.900000
110.000000 389.000000 117.000000 6.700000
77.400000 228.000000 115.000000 6.700000
60.500000 244.000000 121.000000 6.600000
67.600000 236.000000 120.000000 6.600000
52.600000 216.000000 124.000000 6.700000
66.100000 203.000000 131.000000 6.800000
72.300000 247.000000 133.000000 6.700000
65.000000 198.000000 131.000000 6.900000
71.700000 196.000000 114.000000 6.800000
81.000000 187.000000 118.000000 6.600000
90.200000 209.000000 123.000000 6.900000
111.000000 429.000000 140.000000 7.300000
82.000000 308.000000 125.000000 6.800000
73.400000 271.000000 130.000000 6.800000
68.800000 249.000000 126.000000 6.700000
66.100000 264.000000 114.000000 6.700000
56.200000 244.000000 115.000000 6.900000
70.000000 254.000000 126.000000 6.600000
74.000000 244.000000 135.000000 6.600000
66.400000 226.000000 131.000000 6.700000
68.900000 182.000000 117.000000 6.900000
87.500000 243.000000 132.000000 6.600000
84.800000 192.000000 121.000000 6.600000
86.200000 242.000000 125.000000 6.800000
92.100000 339.000000 113.000000 7.300000
137.000000 510.000000 126.000000 7.400000
73.000000 244.000000 127.000000 6.400000
70.900000 188.000000 119.000000 6.700000
74.500000 235.000000 117.000000 6.700000
56.600000 213.000000 110.000000 6.600000
72.600000 193.000000 118.000000 6.700000
75.900000 211.000000 114.000000 6.700000
60.600000 192.000000 135.000000 6.700000
54.400000 224.000000 127.000000 6.400000
53.200000 200.000000 122.000000 6.400000
94.800000 247.000000 131.000000 6.600000
104.000000 252.000000 133.000000 6.600000
124.000000 337.000000 119.000000 7.300000
90.000000 254.000000 115.000000 6.900000
66.000000 225.000000 114.000000 6.600000
61.600000 239.000000 102.000000 6.800000
60.300000 238.000000 110.000000 7.000000
62.800000 252.000000 114.000000 6.800000
64.400000 217.000000 118.000000 6.700000
66.700000 212.000000 140.000000 6.400000
50.300000 207.000000 127.000000 6.700000
63.300000 221.000000 141.000000 6.600000
66.700000 233.000000 160.000000 6.500000
82.000000 237.000000 153.000000 6.600000
143.000000 412.000000 172.000000 6.800000
83.300000 297.000000 146.000000 6.700000
69.900000 235.000000 146.000000 6.700000
61.500000 227.000000 148.000000 6.600000
75.700000 274.000000 147.000000 6.700000
57.000000 206.000000 149.000000 6.600000
62.600000 275.000000 148.000000 6.900000
64.500000 309.000000 156.000000 6.800000
66.200000 268.000000 152.000000 6.900000
56.700000 204.000000 152.000000 6.700000
62.400000 270.000000 162.000000 6.800000
71.300000 262.000000 155.000000 6.700000
106.000000 363.000000 189.000000 6.900000
115.000000 387.000000 194.000000 7.100000
124.000000 377.000000 159.000000 7.000000
98.000000 269.000000 144.000000 6.900000
73.000000 203.000000 137.000000 6.800000
49.700000 204.000000 145.000000 6.700000
63.900000 250.000000 135.000000 6.800000
63.600000 264.000000 134.000000 6.800000
67.600000 283.000000 157.000000 6.800000
67.300000 307.000000 177.000000 6.600000
83.600000 385.000000 167.000000 6.700000
78.100000 266.000000 123.000000 6.700000
68.800000 213.000000 123.000000 6.500000
58.300000 164.000000 117.000000 6.400000
52.200000 159.000000 114.000000 6.500000
53.500000 184.000000 118.000000 6.400000
56.600000 192.000000 107.000000 6.700000
58.200000 186.000000 101.000000 6.900000
86.600000 295.000000 146.000000 6.600000
173.000000 301.000000 135.000000 6.800000
127.000000 248.000000 136.000000 6.800000
106.000000 220.000000 126.000000 6.800000
77.500000 231.000000 125.000000 6.700000
63.200000 206.000000 121.000000 6.600000
69.200000 222.000000 106.000000 6.500000
59.100000 248.000000 104.000000 6.900000
55.200000 217.000000 171.000000 6.900000
60.700000 188.000000 133.000000 6.800000
69.100000 209.000000 136.000000 6.900000
49.600000 212.000000 125.000000 6.800000
51.300000 207.000000 138.000000 6.800000
65.200000 205.000000 109.000000 6.700000
55.900000 227.000000 103.000000 7.000000
52.400000 217.000000 174.000000 7.300000
49.600000 239.000000 161.000000 7.000000
61.900000 255.000000 137.000000 7.000000
112.000000 402.000000 146.000000 7.100000
66.800000 192.000000 138.000000 7.100000
59.300000 183.000000 107.000000 6.900000
45.300000 165.000000 104.000000 7.200000
65.000000 230.000000 118.000000 7.200000
62.700000 231.000000 145.000000 6.900000
59.900000 195.000000 125.000000 6.900000
75.300000 240.000000 159.000000 7.000000
60.100000 187.000000 154.000000 6.800000
57.000000 169.000000 159.000000 6.800000
49.200000 160.000000 138.000000 7.000000
74.700000 233.000000 138.000000 7.100000
66.600000 201.000000 128.000000 7.100000
61.000000 166.000000 127.000000 7.000000
122.000000 562.000000 182.000000 7.300000
82.300000 346.000000 164.000000 7.200000
64.600000 183.000000 148.000000 6.900000
53.800000 175.000000 154.000000 6.700000
58.400000 177.000000 152.000000 6.800000
60.700000 208.000000 161.000000 6.800000
60.000000 200.000000 161.000000 6.800000
62.300000 235.000000 155.000000 6.800000
54.200000 177.000000 149.000000 6.800000
69.800000 262.000000 137.000000 6.900000
84.400000 232.000000 154.000000 7.000000
80.300000 157.000000 149.000000 6.900000
77.600000 195.000000 157.000000 6.800000
70.100000 215.000000 151.000000 6.900000
68.600000 184.000000 139.000000 6.900000
60.700000 158.000000 131.000000 7.000000
60.300000 157.000000 128.000000 6.900000
53.200000 161.000000 129.000000 6.900000
105.000000 334.000000 147.000000 7.100000
75.500000 228.000000 149.000000 6.800000
58.900000 219.000000 127.000000 6.700000
65.300000 239.000000 119.000000 7.000000
64.300000 246.000000 144.000000 6.900000
65.600000 216.000000 141.000000 6.900000
74.900000 202.000000 129.000000 7.000000
141.000000 437.000000 141.000000 7.200000
117.000000 423.000000 146.000000 7.200000
94.300000 327.000000 145.000000 7.000000
54.300000 178.000000 130.000000 6.900000
53.100000 153.000000 116.000000 7.000000
60.500000 155.000000 113.000000 7.000000
65.300000 190.000000 114.000000 7.100000
73.200000 21.100000 125.000000 7.000000
78.900000 233.000000 136.000000 7.000000
101.000000 309.000000 152.000000 7.000000
81.900000 263.000000 152.000000 6.900000
70.100000 230.000000 158.000000 6.800000
56.100000 182.000000 139.000000 6.800000
50.800000 182.000000 138.000000 7.000000
53.800000 171.000000 139.000000 7.000000
63.100000 160.000000 125.000000 6.900000
78.800000 247.000000 128.000000 7.000000
150.000000 421.000000 198.000000 7.800000
87.500000 191.000000 144.000000 6.900000
82.700000 210.000000 133.000000 6.900000
43.700000 146.000000 191.000000 6.800000
51.600000 208.000000 222.000000 6.900000
54.900000 144.000000 178.000000 6.700000
112.000000 186.000000 159.000000 7.000000
120.000000 132.000000 98.100000 6.800000
64.700000 464.000000 176.000000 6.700000
89.700000 201.000000 134.000000 6.500000
74.900000 429.000000 217.000000 6.600000
163.000000 549.000000 195.000000 6.700000
61.300000 244.000000 167.000000 6.400000
67.500000 344.000000 168.000000 6.700000
65.000000 390.000000 195.000000 6.600000
67.500000 360.000000 177.000000 6.600000
76.100000 343.000000 142.000000 7.200000
75.500000 312.000000 139.000000 6.600000
77.900000 297.000000 169.000000 6.200000
102.000000 338.000000 157.000000 6.200000
94.400000 323.000000 160.000000 6.700000
67.500000 260.000000 165.000000 6.700000
90.200000 316.000000 141.000000 6.700000
133.000000 366.000000 154.000000 6.600000
79.200000 269.000000 167.000000 6.700000
127.000000 268.000000 160.000000 7.000000
95.400000 235.000000 177.000000 6.200000
72.400000 221.000000 268.000000 6.300000
79.100000 256.000000 189.000000 6.500000
136.000000 272.000000 148.000000 6.300000
74.600000 290.000000 139.000000 6.700000
67.200000 274.000000 187.000000 6.600000
80.500000 278.000000 155.000000 6.500000
83.800000 272.000000 139.000000 6.400000
58.600000 258.000000 160.000000 6.400000
61.000000 254.000000 171.000000 6.500000
68.300000 280.000000 156.000000 6.800000
61.000000 251.000000 142.000000 6.700000
90.400000 271.000000 151.000000 6.400000
102.000000 223.000000 150.000000 6.800000
70.800000 243.000000 184.000000 6.300000
73.300000 256.000000 201.000000 6.500000
85.000000 208.000000 187.000000 6.600000
72.800000 228.000000 196.000000 6.600000
56.500000 257.000000 214.000000 6.400000
59.900000 365.000000 204.000000 6.300000
58.900000 277.000000 206.000000 6.400000
34.700000 258.000000 209.000000 6.200000
57.600000 234.000000 167.000000 6.400000
38.800000 214.000000 150.000000 6.400000
57.800000 212.000000 149.000000 6.400000
62.500000 246.000000 163.000000 6.400000
59.200000 253.000000 135.000000 6.700000
106.000000 255.000000 162.000000 6.400000
83.400000 236.000000 173.000000 6.600000
49.500000 180.000000 177.000000 6.200000
29.500000 196.000000 176.000000 6.100000
35.500000 163.000000 166.000000 6.400000
32.800000 159.000000 180.000000 6.400000
37.100000 240.000000 202.000000 6.500000
36.400000 159.000000 168.000000 6.600000
52.100000 230.000000 125.000000 6.600000
57.000000 273.000000 124.000000 6.700000
51.000000 282.000000 142.000000 6.600000
43.600000 233.000000 174.000000 6.300000
75.000000 197.000000 157.000000 6.500000
35.400000 161.000000 153.000000 6.400000
31.500000 222.000000 174.000000 6.400000
62.800000 230.000000 168.000000 6.600000
57.500000 232.000000 150.000000 6.900000
88.400000 436.000000 177.000000 6.900000
74.300000 380.000000 173.000000 6.900000
63.400000 316.000000 207.000000 6.900000
66.700000 318.000000 200.000000 6.500000
66.400000 302.000000 241.000000 6.700000
51.400000 250.000000 202.000000 6.700000
54.600000 228.000000 199.000000 6.700000
55.100000 244.000000 225.000000 6.700000
77.800000 204.000000 217.000000 6.700000
94.300000 193.000000 208.000000 6.700000
60.100000 261.000000 191.000000 6.800000
71.900000 279.000000 195.000000 6.800000
124.000000 482.000000 213.000000 6.800000
75.300000 327.000000 164.000000 6.500000
71.300000 324.000000 167.000000 6.500000
81.400000 343.000000 149.000000 6.400000
96.200000 309.000000 183.000000 6.200000
87.700000 341.000000 193.000000 6.400000
95.600000 265.000000 208.000000 6.500000
72.300000 282.000000 216.000000 6.700000
81.400000 315.000000 203.000000 6.400000
82.100000 221.000000 216.000000 6.600000
78.000000 298.000000 174.000000 6.400000
37.800000 212.000000 146.000000 7.000000
32.500000 287.000000 217.000000 6.900000
36.700000 333.000000 209.000000 6.600000
56.600000 280.000000 154.000000 7.200000
50.800000 280.000000 163.000000 6.600000
60.600000 322.000000 150.000000 7.000000
82.900000 267.000000 159.000000 6.500000
99.500000 230.000000 150.000000 6.700000
107.000000 339.000000 160.000000 6.600000
61.700000 269.000000 156.000000 6.700000
53.500000 298.000000 166.000000 6.800000
50.700000 253.000000 135.000000 6.600000
114.000000 401.000000 145.000000 6.700000
76.600000 263.000000 170.000000 6.600000
59.100000 235.000000 168.000000 6.800000
59.700000 230.000000 202.000000 6.700000
87.200000 284.000000 163.000000 6.600000
63.500000 244.000000 158.000000 6.600000
51.600000 189.000000 147.000000 6.400000
51.300000 282.000000 173.000000 6.600000
254.000000 223.000000 169.000000 5.900000
42.300000 175.000000 156.000000 6.300000
49.500000 201.000000 230.000000 6.300000
51.200000 190.000000 188.000000 6.700000
45.700000 224.000000 221.000000 6.700000
49.500000 219.000000 209.000000 6.700000
67.000000 327.000000 206.000000 7.400000
63.000000 350.000000 212.000000 6.900000
75.000000 192.000000 158.000000 6.600000
86.000000 310.000000 234.000000 6.800000
47.800000 326.000000 261.000000 6.600000
61.600000 312.000000 218.000000 6.500000
80.300000 325.000000 217.000000 6.600000
66.500000 298.000000 210.000000 6.900000
63.800000 259.000000 201.000000 6.500000
57.900000 286.000000 212.000000 6.500000
70.800000 308.000000 194.000000 6.800000
103.000000 323.000000 209.000000 6.600000
83.900000 319.000000 204.000000 6.400000
127.000000 386.000000 205.000000 7.000000
208.000000 292.000000 208.000000 6.600000
135.000000 278.000000 164.000000 5.900000
89.700000 298.000000 195.000000 6.100000
83.500000 258.000000 138.000000 6.100000
101.000000 231.000000 122.000000 6.300000
65.100000 191.000000 147.000000 6.700000
65.400000 204.000000 171.000000 6.400000
63.700000 265.000000 187.000000 6.600000
57.200000 244.000000 160.000000 6.600000
64.700000 285.000000 174.000000 6.900000
70.200000 244.000000 149.000000 6.700000
69.600000 269.000000 150.000000 6.600000
66.900000 272.000000 170.000000 6.900000
65.400000 265.000000 166.000000 6.800000
59.300000 264.000000 178.000000 6.800000
58.600000 246.000000 182.000000 6.800000
55.400000 285.000000 175.000000 6.800000
86.400000 309.000000 179.000000 6.700000
83.800000 378.000000 160.000000 7.000000
80.400000 376.000000 161.000000 7.500000
87.200000 285.000000 154.000000 6.800000
93.600000 296.000000 153.000000 6.700000
91.900000 276.000000 145.000000 6.600000
99.500000 410.000000 148.000000 7.300000
89.000000 236.000000 146.000000 7.000000
96.700000 231.000000 175.000000 6.800000
103.000000 252.000000 163.000000 6.800000
50.800000 253.000000 150.000000 6.700000
125.000000 256.000000 155.000000 7.000000
83.200000 211.000000 148.000000 6.700000
58.500000 181.000000 179.000000 6.700000
46.100000 157.000000 181.000000 6.600000
60.300000 155.000000 172.000000 6.900000
43.800000 164.000000 147.000000 6.700000
66.600000 159.000000 150.000000 6.400000
46.700000 183.000000 165.000000 6.600000
34.000000 198.000000 179.000000 6.800000
27.800000 194.000000 193.000000 6.500000
26.700000 150.000000 216.000000 6.700000
25.200000 161.000000 244.000000 6.500000
31.600000 185.000000 255.000000 6.400000
47.300000 194.000000 244.000000 6.200000
50.600000 184.000000 212.000000 5.800000
31.900000 176.000000 262.000000 6.200000
47.200000 171.000000 227.000000 6.600000
33.200000 186.000000 203.000000 6.600000
35.600000 201.000000 209.000000 6.500000
37.700000 177.000000 200.000000 6.500000
49.100000 180.000000 199.000000 6.300000
47.400000 270.000000 172.000000 6.200000
31.800000 205.000000 170.000000 6.800000
33.600000 203.000000 196.000000 6.200000
28.600000 224.000000 186.000000 6.600000
25.000000 248.000000 171.000000 6.700000
27.800000 237.000000 173.000000 6.900000
37.600000 230.000000 189.000000 6.900000
49.500000 225.000000 163.000000 6.400000
33.700000 195.000000 172.000000 7.000000
50.900000 246.000000 194.000000 6.800000
78.500000 271.000000 184.000000 6.800000
39.700000 199.000000 208.000000 6.600000
91.100000 267.000000 128.000000 6.500000
56.800000 188.000000 227.000000 6.800000
64.300000 225.000000 192.000000 6.700000
51.400000 225.000000 178.000000 6.500000
53.600000 236.000000 175.000000 6.500000
55.300000 231.000000 157.000000 6.600000
51.900000 201.000000 157.000000 6.600000
57.800000 211.000000 170.000000 6.600000
76.600000 286.000000 162.000000 6.400000
56.400000 213.000000 154.000000 6.700000
51.800000 186.000000 159.000000 6.600000
48.800000 176.000000 161.000000 6.600000
59.700000 189.000000 159.000000 6.400000
53.500000 190.000000 164.000000 6.500000
54.700000 188.000000 169.000000 6.600000
50.100000 183.000000 176.000000 6.400000
56.300000 179.000000 155.000000 6.400000
44.700000 180.000000 180.000000 6.500000
54.300000 172.000000 175.000000 6.500000
57.800000 181.000000 158.000000 6.500000
52.000000 182.000000 149.000000 6.600000
75.800000 180.000000 148.000000 6.800000
84.700000 171.000000 171.000000 6.400000
76.000000 174.000000 159.000000 6.300000
80.800000 193.000000 153.000000 6.300000
79.000000 189.000000 165.000000 6.300000
67.300000 157.000000 159.000000 6.300000
87.500000 166.000000 147.000000 6.400000
87.900000 174.000000 157.000000 6.400000
70.500000 185.000000 162.000000 6.400000
99.100000 210.000000 152.000000 6.200000
81.000000 196.000000 147.000000 6.600000
76.900000 198.000000 145.000000 6.600000
98.500000 261.000000 125.000000 6.600000
94.800000 244.000000 127.000000 6.800000
99.400000 217.000000 134.000000 6.800000
99.500000 209.000000 127.000000 6.800000
111.000000 494.000000 149.000000 7.200000
110.000000 449.000000 154.000000 7.200000
80.800000 347.000000 164.000000 7.000000
55.000000 282.000000 166.000000 6.900000
48.800000 282.000000 164.000000 6.900000
66.000000 284.000000 170.000000 6.900000
76.000000 346.000000 150.000000 7.100000
97.900000 408.000000 158.000000 7.000000
70.500000 365.000000 172.000000 6.900000
88.600000 286.000000 125.000000 7.100000
89.200000 265.000000 149.000000 7.000000
57.700000 266.000000 176.000000 6.900000
80.200000 297.000000 167.000000 6.900000
84.800000 307.000000 166.000000 6.900000
73.200000 284.000000 155.000000 6.900000
77.500000 292.000000 160.000000 6.900000
81.100000 283.000000 171.000000 6.800000
76.700000 270.000000 172.000000 6.700000
58.600000 251.000000 163.000000 7.000000
62.900000 295.000000 173.000000 7.200000
57.100000 266.000000 177.000000 6.800000
50.600000 210.000000 190.000000 6.500000
47.600000 210.000000 195.000000 6.500000
55.400000 215.000000 203.000000 6.500000
51.200000 171.000000 204.000000 6.300000
49.400000 199.000000 173.000000 7.100000
46.700000 189.000000 181.000000 7.100000
67.300000 208.000000 158.000000 6.800000
87.400000 241.000000 172.000000 6.600000
76.500000 251.000000 187.000000 6.500000
121.000000 221.000000 201.000000 6.400000
189.000000 248.000000 197.000000 6.500000
118.000000 252.000000 185.000000 6.800000
83.200000 263.000000 167.000000 6.900000
84.800000 227.000000 156.000000 6.600000
69.300000 232.000000 150.000000 6.500000
61.400000 222.000000 159.000000 6.500000
52.900000 199.000000 152.000000 6.500000
50.700000 188.000000 164.000000 6.400000
72.700000 232.000000 152.000000 6.400000
72.900000 216.000000 139.000000 6.600000
87.200000 223.000000 139.000000 6.700000
99.000000 283.000000 153.000000 6.700000
79.600000 223.000000 162.000000 6.900000
78.600000 252.000000 158.000000 6.800000
77.800000 268.000000 149.000000 6.800000
71.400000 255.000000 150.000000 7.000000
83.700000 281.000000 137.000000 7.300000
89.300000 317.000000 131.000000 7.100000
83.500000 308.000000 131.000000 6.900000
73.300000 263.000000 134.000000 6.800000
85.900000 211.000000 139.000000 6.900000
120.000000 354.000000 149.000000 7.300000
104.000000 377.000000 150.000000 7.400000
77.500000 326.000000 137.000000 7.200000
68.800000 301.000000 131.000000 6.800000
59.600000 336.000000 155.000000 6.700000
119.000000 386.000000 152.000000 7.400000
73.100000 214.000000 128.000000 6.900000
65.100000 238.000000 157.000000 6.700000
72.100000 206.000000 151.000000 6.700000
71.600000 193.000000 143.000000 6.700000
68.000000 206.000000 142.000000 6.800000
61.000000 193.000000 161.000000 7.000000
84.800000 319.000000 161.000000 7.100000
86.100000 303.000000 161.000000 7.100000
73.000000 237.000000 164.000000 6.900000
80.300000 236.000000 157.000000 6.800000
101.000000 282.000000 177.000000 7.300000
133.000000 272.000000 187.000000 7.200000
102.000000 250.000000 201.000000 6.700000
91.700000 238.000000 184.000000 6.500000
87.100000 237.000000 200.000000 6.700000
75.900000 226.000000 207.000000 6.700000
96.400000 298.000000 188.000000 6.600000
92.100000 299.000000 187.000000 6.900000
75.100000 240.000000 207.000000 6.900000
67.200000 227.000000 217.000000 6.900000
77.200000 217.000000 217.000000 6.800000
55.600000 204.000000 214.000000 6.600000
43.800000 197.000000 216.000000 6.400000
37.300000 164.000000 225.000000 6.400000
40.600000 173.000000 220.000000 6.400000
42.300000 182.000000 202.000000 6.300000
49.200000 185.000000 200.000000 6.400000
58.000000 219.000000 157.000000 6.200000
45.700000 212.000000 199.000000 6.300000
47.900000 210.000000 213.000000 6.300000
46.100000 234.000000 227.000000 6.400000
72.400000 206.000000 209.000000 6.700000
81.600000 204.000000 198.000000 6.800000
82.300000 231.000000 183.000000 6.800000
80.200000 284.000000 185.000000 6.800000
71.100000 246.000000 187.000000 6.700000
69.700000 218.000000 176.000000 6.600000
60.500000 172.000000 151.000000 6.700000
74.500000 173.000000 180.000000 6.600000
57.600000 136.000000 174.000000 6.800000
66.100000 192.000000 165.000000 6.600000
87.200000 206.000000 209.000000 6.500000
100.000000 242.000000 194.000000 6.800000
92.000000 258.000000 189.000000 6.700000
62.200000 272.000000 192.000000 6.500000
58.700000 302.000000 168.000000 6.600000
59.800000 296.000000 158.000000 6.600000
79.100000 356.000000 161.000000 6.700000
73.400000 319.000000 149.000000 6.600000
62.200000 273.000000 127.000000 6.900000
81.200000 313.000000 130.000000 6.900000
86.600000 333.000000 133.000000 6.900000
87.800000 360.000000 137.000000 7.000000
81.500000 313.000000 158.000000 6.700000
90.100000 303.000000 152.000000 6.700000
87.900000 284.000000 142.000000 6.700000
77.700000 283.000000 138.000000 6.700000
60.600000 243.000000 161.000000 6.600000
58.800000 230.000000 157.000000 7.000000
61.000000 215.000000 154.000000 6.800000
59.800000 204.000000 152.000000 6.800000
75.900000 196.000000 184.000000 6.800000
81.500000 243.000000 156.000000 6.800000
74.600000 260.000000 173.000000 6.800000
70.200000 270.000000 190.000000 6.900000
66.000000 237.000000 196.000000 6.900000
45.100000 189.000000 207.000000 6.900000
51.400000 233.000000 224.000000 6.900000
62.200000 253.000000 215.000000 6.900000
75.300000 291.000000 187.000000 7.200000
86.200000 325.000000 204.000000 7.400000
47.300000 204.000000 219.000000 7.000000
46.000000 195.000000 201.000000 7.000000
39.800000 213.000000 214.000000 7.200000
49.400000 217.000000 221.000000 7.100000
53.200000 195.000000 216.000000 6.900000
45.300000 212.000000 217.000000 7.000000
46.700000 233.000000 227.000000 7.000000
66.200000 316.000000 167.000000 7.000000
50.600000 267.000000 186.000000 6.900000
65.000000 232.000000 158.000000 6.900000
59.100000 225.000000 153.000000 6.800000
45.300000 212.000000 162.000000 6.800000
41.100000 207.000000 172.000000 6.800000
42.000000 227.000000 189.000000 6.700000
56.500000 198.000000 147.000000 6.800000
58.800000 234.000000 165.000000 6.800000
54.800000 225.000000 154.000000 6.700000
44.400000 183.000000 147.000000 6.700000
54.600000 206.000000 133.000000 6.700000
51.700000 201.000000 129.000000 6.800000
48.000000 179.000000 129.000000 6.700000
36.700000 162.000000 139.000000 6.800000
35.500000 141.000000 158.000000 6.900000
38.100000 140.000000 172.000000 6.800000
40.900000 141.000000 163.000000 6.600000
46.900000 175.000000 177.000000 6.600000
43.700000 135.000000 167.000000 6.600000
51.900000 157.000000 159.000000 6.500000
50.700000 169.000000 164.000000 6.600000
85.500000 258.000000 163.000000 6.900000
65.500000 206.000000 143.000000 6.900000
57.100000 177.000000 161.000000 6.600000
55.500000 191.000000 162.000000 6.700000
70.800000 171.000000 128.000000 6.400000
73.500000 185.000000 136.000000 6.600000
57.900000 190.000000 172.000000 6.600000
70.700000 153.000000 186.000000 6.500000
69.200000 145.000000 179.000000 6.500000
62.800000 131.000000 163.000000 6.500000
57.000000 137.000000 163.000000 6.500000
61.100000 153.000000 131.000000 6.600000
60.900000 167.000000 121.000000 6.600000
55.900000 187.000000 119.000000 6.900000
75.800000 215.000000 168.000000 7.000000
66.300000 188.000000 164.000000 7.300000
55.900000 136.000000 171.000000 6.800000
62.800000 159.000000 155.000000 6.700000
63.300000 165.000000 114.000000 6.800000
51.300000 150.000000 113.000000 6.600000
48.700000 150.000000 123.000000 6.600000
58.600000 163.000000 160.000000 6.800000
60.400000 161.000000 168.000000 6.800000
68.300000 252.000000 189.000000 6.900000
56.700000 209.000000 140.000000 6.800000
40.500000 177.000000 119.000000 6.800000
39.900000 182.000000 141.000000 6.800000
49.800000 168.000000 164.000000 6.900000
43.600000 169.000000 177.000000 6.800000
35.900000 170.000000 182.000000 6.700000
49.900000 175.000000 178.000000 6.800000
35.000000 147.000000 146.000000 6.400000
28.300000 147.000000 144.000000 6.400000
31.100000 157.000000 177.000000 6.600000
35.300000 157.000000 190.000000 6.600000
44.700000 172.000000 176.000000 6.600000
36.800000 163.000000 173.000000 6.400000
39.800000 162.000000 181.000000 6.400000
33.100000 164.000000 182.000000 6.300000
36.900000 147.000000 175.000000 6.400000
41.100000 180.000000 180.000000 6.600000
44.200000 174.000000 188.000000 6.700000
54.400000 181.000000 198.000000 6.500000
55.400000 168.000000 187.000000 6.700000
47.800000 167.000000 191.000000 6.700000
29.500000 164.000000 212.000000 6.700000
29.900000 149.000000 202.000000 6.600000
62.500000 193.000000 167.000000 6.800000
51.000000 175.000000 150.000000 6.800000
42.000000 168.000000 152.000000 6.900000
39.100000 178.000000 140.000000 6.600000
44.200000 202.000000 134.000000 6.800000
40.300000 166.000000 150.000000 6.500000
38.900000 189.000000 169.000000 6.500000
39.400000 171.000000 159.000000 6.600000
49.800000 162.000000 145.000000 6.500000
47.900000 170.000000 146.000000 6.500000
34.100000 147.000000 130.000000 6.500000
33.900000 143.000000 121.000000 6.600000
39.000000 162.000000 121.000000 6.800000
39.200000 180.000000 116.000000 6.500000
54.000000 189.000000 152.000000 6.500000
59.200000 198.000000 169.000000 6.500000
97.200000 195.000000 173.000000 6.500000
95.900000 195.000000 179.000000 6.600000
102.000000 176.000000 181.000000 6.700000
117.000000 195.000000 159.000000 6.900000
89.900000 214.000000 138.000000 6.700000
47.700000 171.000000 123.000000 6.300000
51.500000 174.000000 123.000000 6.000000
66.800000 200.000000 114.000000 6.400000
55.700000 210.000000 119.000000 6.300000
68.900000 208.000000 121.000000 6.400000
78.500000 206.000000 106.000000 6.500000
67.500000 189.000000 129.000000 6.500000
71.800000 219.000000 133.000000 6.400000
63.300000 189.000000 125.000000 6.500000
51.400000 193.000000 141.000000 6.400000
43.000000 182.000000 139.000000 6.300000
51.000000 217.000000 152.000000 6.300000
53.200000 204.000000 138.000000 6.400000
47.600000 186.000000 134.000000 6.200000
44.300000 188.000000 137.000000 6.700000
46.500000 196.000000 137.000000 6.800000
63.300000 206.000000 141.000000 6.600000
60.200000 180.000000 145.000000 6.800000
121.000000 149.000000 126.000000 6.700000
44.100000 167.000000 126.000000 6.900000
49.500000 173.000000 125.000000 6.900000
50.300000 167.000000 119.000000 6.700000
74.700000 181.000000 122.000000 6.700000
66.400000 177.000000 124.000000 6.700000
59.700000 202.000000 138.000000 6.800000
59.400000 204.000000 147.000000 6.700000
56.500000 161.000000 149.000000 6.700000
56.700000 174.000000 164.000000 6.600000
65.200000 162.000000 145.000000 6.600000
66.600000 180.000000 148.000000 6.600000
70.800000 223.000000 182.000000 6.700000
60.600000 182.000000 181.000000 6.700000
47.900000 165.000000 181.000000 6.800000
67.300000 221.000000 152.000000 6.900000
89.600000 256.000000 160.000000 6.900000
103.000000 273.000000 170.000000 7.000000
82.400000 233.000000 162.000000 6.800000
83.600000 235.000000 159.000000 6.700000
74.500000 207.000000 145.000000 6.500000
73.900000 156.000000 127.000000 6.500000
54.600000 144.000000 130.000000 6.900000
45.000000 140.000000 125.000000 7.000000
65.800000 173.000000 122.000000 6.900000
53.500000 179.000000 136.000000 6.500000
48.000000 184.000000 128.000000 6.500000
45.600000 172.000000 123.000000 6.700000
73.300000 214.000000 137.000000 6.700000
78.100000 243.000000 140.000000 6.700000
108.000000 275.000000 150.000000 6.800000
107.000000 295.000000 161.000000 6.800000
76.400000 232.000000 173.000000 6.900000
78.400000 238.000000 185.000000 6.700000
58.400000 214.000000 176.000000 6.700000
61.900000 210.000000 167.000000 6.800000
47.000000 178.000000 169.000000 6.800000
71.400000 215.000000 168.000000 6.800000
58.800000 211.000000 132.000000 6.700000
41.300000 199.000000 135.000000 6.700000
57.200000 195.000000 129.000000 6.800000
72.300000 214.000000 131.000000 6.900000
89.700000 220.000000 135.000000 6.600000
84.700000 176.000000 129.000000 6.700000
100.000000 219.000000 122.000000 6.700000
108.000000 239.000000 129.000000 6.800000
96.200000 226.000000 140.000000 6.800000
73.400000 193.000000 150.000000 6.700000
83.700000 172.000000 138.000000 6.700000
90.800000 194.000000 147.000000 6.800000
100.000000 216.000000 146.000000 6.800000
83.000000 214.000000 150.000000 6.700000
87.100000 219.000000 148.000000 6.800000
92.300000 205.000000 148.000000 6.800000
82.800000 218.000000 172.000000 6.800000
116.000000 214.000000 140.000000 6.800000
95.100000 182.000000 140.000000 6.800000
84.200000 184.000000 150.000000 6.700000
97.300000 222.000000 151.000000 6.800000
107.000000 264.000000 143.000000 6.700000
104.000000 354.000000 129.000000 6.700000
104.000000 351.000000 146.000000 6.700000
127.000000 382.000000 138.000000 6.900000
86.300000 246.000000 140.000000 6.900000
72.800000 228.000000 131.000000 6.700000
61.100000 206.000000 125.000000 6.700000
129.000000 328.000000 108.000000 6.800000
115.000000 276.000000 95.400000 6.800000
81.200000 246.000000 83.500000 6.800000
74.800000 175.000000 98.400000 6.700000
89.400000 170.000000 124.000000 6.300000
64.100000 164.000000 139.000000 6.900000
54.300000 149.000000 141.000000 7.000000
48.600000 161.000000 144.000000 6.800000
68.100000 179.000000 146.000000 6.800000
63.800000 181.000000 157.000000 6.800000
53.100000 172.000000 192.000000 6.800000
54.600000 211.000000 171.000000 6.900000
47.000000 176.000000 170.000000 6.900000
77.100000 201.000000 160.000000 6.900000
79.300000 211.000000 154.000000 6.900000
57.200000 149.000000 146.000000 6.700000
51.200000 144.000000 145.000000 6.700000
52.400000 139.000000 141.000000 6.700000
56.100000 142.000000 135.000000 6.700000
56.200000 174.000000 127.000000 6.800000
57.600000 158.000000 122.000000 7.100000
68.800000 171.000000 130.000000 7.000000
129.000000 246.000000 144.000000 7.000000
93.900000 239.000000 143.000000 6.800000
122.000000 245.000000 143.000000 6.800000
145.000000 295.000000 148.000000 6.600000
107.000000 289.000000 153.000000 6.800000
81.000000 198.000000 159.000000 6.800000
85.400000 143.000000 150.000000 6.800000
88.600000 160.000000 150.000000 6.700000
70.200000 166.000000 149.000000 6.700000
64.700000 166.000000 152.000000 6.600000
71.500000 207.000000 159.000000 6.700000
79.400000 221.000000 156.000000 6.800000
187.000000 156.000000 116.000000 6.000000
83.700000 184.000000 138.000000 6.600000
63.500000 172.000000 146.000000 6.600000
54.900000 167.000000 146.000000 6.700000
58.900000 137.000000 136.000000 6.400000
66.000000 160.000000 141.000000 6.600000
63.500000 175.000000 138.000000 6.800000
58.400000 177.000000 145.000000 6.900000
68.200000 190.000000 150.000000 6.800000
63.300000 184.000000 149.000000 6.800000
56.000000 165.000000 142.000000 7.000000
73.400000 212.000000 153.000000 6.900000
85.500000 234.000000 152.000000 6.900000
64.700000 181.000000 139.000000 6.900000
79.900000 231.000000 141.000000 7.000000
75.000000 234.000000 122.000000 7.300000
84.000000 210.000000 120.000000 7.300000
63.600000 176.000000 127.000000 7.100000
64.100000 162.000000 138.000000 6.700000
76.200000 191.000000 147.000000 6.700000
69.100000 207.000000 153.000000 6.600000
64.700000 202.000000 148.000000 6.200000
57.100000 182.000000 149.000000 6.200000
52.500000 162.000000 139.000000 6.200000
51.100000 145.000000 139.000000 6.300000
84.900000 214.000000 150.000000 6.600000
78.400000 193.000000 147.000000 6.500000
68.500000 177.000000 148.000000 6.500000
66.400000 210.000000 152.000000 6.500000
75.700000 228.000000 151.000000 6.700000
71.700000 209.000000 151.000000 6.500000
59.600000 188.000000 150.000000 6.500000
78.400000 209.000000 153.000000 6.500000
66.400000 197.000000 152.000000 6.500000
66.300000 194.000000 149.000000 6.500000
84.700000 229.000000 147.000000 7.200000
57.000000 178.000000 206.000000 7.000000
60.000000 159.000000 192.000000 7.000000
66.400000 154.000000 191.000000 7.000000
76.700000 145.000000 184.000000 6.900000
77.400000 141.000000 173.000000 6.900000
83.700000 207.000000 201.000000 6.600000
76.300000 203.000000 198.000000 6.500000
77.300000 189.000000 194.000000 6.500000
77.400000 170.000000 187.000000 6.500000
76.900000 136.000000 163.000000 6.400000
71.700000 145.000000 164.000000 6.500000
92.900000 149.000000 142.000000 6.600000
90.100000 159.000000 146.000000 6.600000
73.700000 155.000000 137.000000 6.700000
69.600000 126.000000 124.000000 6.700000
77.900000 138.000000 133.000000 6.700000
71.900000 158.000000 164.000000 6.600000
63.300000 156.000000 177.000000 6.800000
75.000000 180.000000 178.000000 6.800000
63.500000 208.000000 200.000000 6.700000
46.600000 176.000000 213.000000 6.700000
62.000000 120.000000 179.000000 6.700000
48.900000 132.000000 189.000000 6.600000
42.300000 116.000000 182.000000 6.600000
48.700000 124.000000 187.000000 6.800000
48.200000 144.000000 192.000000 6.900000
50.800000 152.000000 186.000000 6.800000
46.500000 139.000000 176.000000 6.900000
51.400000 125.000000 163.000000 6.900000
44.900000 137.000000 163.000000 6.800000
44.700000 135.000000 152.000000 6.800000
41.700000 134.000000 145.000000 6.800000
46.300000 138.000000 124.000000 6.600000
39.500000 145.000000 124.000000 6.600000
38.300000 143.000000 127.000000 6.400000
40.800000 133.000000 132.000000 6.200000
42.700000 192.000000 126.000000 6.500000
39.400000 180.000000 122.000000 6.500000
37.300000 162.000000 127.000000 6.500000
29.500000 146.000000 133.000000 6.300000
